4/4 [==============================] - 1s 94ms/step - loss: 1.0019 - accuracy: 0.6230
Loss: 1.0018845796585083
Accuracy: 0.6230147480964661